124900618
124905335
112268260
101928626
107986552
100288069
124903817
107984850
107987240
101929828
101928932
105375113
105376786
124905354
100133150
105376332
107987170
107986338
105374377
124905333
100132062
124901156
124901157
107986552
101927506
124905335
105379555
107987240
124900384
729737
102723872
105375112
105376786
105375113
101929756
101928932
105375113
105376786
124902321
101929819
105379556
102724447
107987240
102723681
102723376
124904234
124902360
100996442
107986552
112268070
101930129
107987170
112268113
124905337
102723462
107986338
102723528
112268317
124905333
100419924
107987360
124905337
102723462
107984150
124904994
105376730
105376786
105376781
101927999
107987240
101929828
101929650
100505909
102723376
124904234
105371950
124904234
105371950
102723376
124904234
105371950
102723376
124904234
105371950
105376912
107986552
101928344
107985295
107987272
124903815
101929823
124903814
124907875
107986338
102723528
112268317
124905333
100419924
107987360
100996316
124905337
107984150
107986338
105374377
112268317
124905333
105379417
107987360
124905337
100289026
107984150
124905300
102724521
124905299
