100132062
100133150
100288069
100289026
100419924
100505909
100996316
100996442
101927506
101927999
101928344
101928626
101928932
101929650
101929756
101929819
101929823
101929828
101930129
102723376
102723462
102723528
102723681
102723872
102724447
102724521
105371950
105374377
105375112
105375113
105376332
105376730
105376781
105376786
105376912
105379417
105379555
105379556
107984150
107984850
107985295
107986338
107986552
107987170
107987240
107987272
107987360
112268070
112268113
112268260
112268317
124900384
124900618
124901156
124901157
124902321
124902360
124903814
124903815
124903817
124904234
124904994
124905299
124905300
124905333
124905335
124905337
124905354
124907875
729737
